20 20 
4.48478245809 6.68156782594 3.65146335946 7.81493322112 4.32439563475 8.92474786718 3.14977982382 7.06770211418 9.45143516266 7.02990651021 9.89338014796 2.71636820974 7.68890139811 2.3107010745 4.35070778066 4.55907387506 5.62486517183 3.8275922784 6.47183188594 6.84294660026 4.09557456921 6.94437594763 9.24266343467 9.7858679283 8.81931871199 4.95630849455 3.45862654444 2.9373354333 7.85026756612 9.62372444797 6.76059083306 3.86246308262 3.84457082776 5.71960661215 7.5225647866 1.66572163881 1.00234150582 7.71221751686 3.37779159484 6.42218100306 3.59260753634 9.81720492579 2.10115301464 5.5571658844 6.35511169344 7.11008972 5.78273708127 1.84139274628 3.56493724829 6.98780226154 2.47364709711 8.11725859874 6.58582673022 4.13034279807 4.1901758334 1.13971856499 7.84598949039 7.06723661102 9.18381423678 2.84191019993 7.55813833628 8.19808787732 3.8838505993 1.87695414926 4.67431135574 6.08610715233 9.388125711 6.52019911921 6.45996424656 5.17350659801 6.30217712151 4.79665490448 1.0819628874 4.84512438056 6.73690611222 5.63235947929 8.84313978013 6.74780980354 8.20303892561 1.29124974395 7.21080612981 8.92120274878 8.95145129689 7.48461193931 6.00264257722 6.63373854999 2.79745685776 9.91898921689 3.21003338517 1.96991185342 2.71802106368 8.91410112647 1.39051576532 7.01189080904 9.75528199934 2.9123904449 6.68034161135 9.0197417608 1.8250494999 5.83934727705 1.70119054795 8.37906345629 6.72424265988 2.69130667692 2.83124106207 9.35231177097 8.87342423523 7.44209326439 9.69128107773 9.24215851838 9.38097828887 5.03233508417 7.80161867403 3.57580446186 9.85412754175 1.10117944434 4.86390937183 6.52666723024 8.22997694207 4.74528166264 2.52694762702 2.99108041101 3.03250807893 6.04249230434 9.01247139434 6.65474181371 6.64646392864 4.75664999768 6.30757817501 7.06266198205 2.5186075391 4.96320305794 6.84021397425 1.23392232487 5.11872311808 9.17964298794 8.87947064163 8.29794189239 1.1027203557 5.025583741 5.48026022381 7.31387531066 2.31953159073 4.35147883373 9.37282270135 6.2219779064 6.26047081161 1.81402100028 8.54069199275 5.47548321564 5.94808845614 3.55398813339 1.10792063188 2.43860085202 4.81079165625 7.66552239914 3.58583534968 3.9450940324 8.8958758888 4.64274394094 6.86924148688 5.17016774059 7.33997892228 4.03599894346 8.44615761916 1.54681039165 2.91536831525 8.18716714309 7.30128974722 3.54688614534 7.43146952336 4.09055725282 2.55082441677 7.52789587976 3.71959914434 5.49400993428 1.71079203604 1.65884058425 4.40335465141 5.23703981136 9.7846492588 9.74014781642 1.26102023701 2.35076759938 5.51683301672 9.22635823281 7.54322603681 3.72807894647 9.06991031365 3.95078344438 9.34415015857 2.04162928692 6.40817263196 9.21063399554 7.77160310731 8.29018494338 9.46087938187 8.8299685307 1.86061038129 7.06632923484 5.46397322033 3.3986973737 4.28911210194 1.87791500353 4.27445184471 3.37963205165 9.07439288296 2.30671732458 8.69840015251 1.26629349942 8.3655382921 1.28610882463 6.62851827972 8.42356878239 7.46892833466 9.89000189214 2.53094576778 5.85941577881 8.59827994714 1.54901878243 1.80433118217 1.60275788573 1.47789466898 1.50893907182 3.60887456695 2.47964461535 8.35263563698 8.69187374748 2.72823374216 4.29579723605 7.14100104307 3.92420066011 7.89628087223 4.70410474592 9.47498030389 3.34351696865 4.44722551686 3.62152824015 6.08827062344 2.95125533048 7.3502492361 5.10970771401 8.16527065431 1.12762997147 8.83477303391 5.00161085632 2.78856582092 4.0717070871 1.7669446282 2.06875504983 2.61348469656 4.91830017603 6.26804076989 9.65476167057 7.39319773492 5.13427816804 9.31441701699 5.00417558723 1.82740187542 6.04872190133 5.26938936801 8.8283701015 1.35995592183 3.77778648124 4.99407259834 9.22800557545 5.47495465119 5.18776589993 7.07842110149 3.64988045846 9.77104623603 1.3382090701 5.34249801543 6.34071588474 5.74063937273 1.17841141411 5.84728087493 4.6219223624 8.32023025793 1.69895591114 7.27646619599 1.53390493654 5.75995102169 4.29079684946 7.84611874534 3.36449172213 7.28363075628 8.3987826513 3.46884147989 9.69332653015 9.73891497624 7.61111868823 3.46269971709 9.79770791918 8.61618105456 2.67031210184 6.66551268095 1.58851340565 2.51151774653 9.77668352594 3.95083523302 1.76936572535 5.60668367212 3.82780425465 7.96859961002 1.30040190164 6.57281474274 6.38947766686 5.93349411426 5.70931194505 2.43628244521 5.3044298321 9.5200749641 4.61865267042 6.39340589146 4.32724828614 2.85567723857 8.37028575225 1.64313921266 4.32311712409 3.61018097742 2.0030893822 7.31498790746 1.26705089701 5.73662598292 4.02197536804 4.05887280237 1.76513351935 6.31998791443 5.46076092658 1.42004047805 4.01319082341 7.98025412499 2.08630656484 8.39397318292 9.99259327279 9.87133548234 2.72750626324 3.5947704698 9.41804645585 7.11184799996 4.61763712132 5.79744831437 9.86490971308 9.64822210771 7.93171273518 6.21140524416 5.32083184633 9.51226147316 1.89706913039 1.15853864233 9.78903618192 7.50034207642 2.42391388695 3.48105493914 6.51515044134 8.22289532143 1.42392854863 8.75329489837 1.87999205218 9.35153038383 1.11445943894 7.84016355028 1.95635763114 2.084430762 8.44047100941 9.22389937322 1.20629414449 1.96148729098 6.74938223684 9.29522786718 9.42788635532 6.29398571381 2.15589999551 8.65544118916 6.52616499703 9.57435656059 3.2109880286 6.64776771074 7.81588706672 4.55140187801 5.78883684358 7.20049554477 4.48696124908 1.95120890015 5.28935021062 4.54122383336 2.1508624395 6.29513145602 2.8427612301 6.27524239104 9.5200812464 9.98499233054 9.78336048607 4.82529383114 9.08883434744 2.84070740675 6.73093104488 7.90586975566 2.63209927788
20
3 5 1
13 15 1
16 15 2
8 18 3
9 4 4
17 3 1
1 8 1
13 3 2
11 6 3
1 13 3
7 10 2
5 5 4
13 13 3
4 5 2
10 15 2
16 14 3
5 3 2
18 12 1
4 2 1
7 13 3
